1478598534496000
1478598582372000
1478598583204000
1478599227616000
1478617927264000
1478618030912000
1478598534719109
1478598715912944
1478633436469433
1478633451137436
1478643460337915
1478643476189919
1478652255200590
1478652606231232
1478661920914082
1478662110071900
1478665195548705
1478666679063222
1471249131596000
1471249173376000
1471185534616000
1471185582944000
1471163934470173
1471163982178190
1471227666663881
1471227694947887
1471164026032550
1471164097776574
1471164120648579
1471164232708614
1471168689589421
1471168698497424
1471169425743692
1471169434527692
1471169439743692
1471169454823699
1471202424923865
1471202438907870
1466324202212000
1466324249448000
1466324253900000
1466324264556000